%YAML:1.0
---
K: !!opencv-matrix
   rows: 3
   cols: 3
   dt: d
   data: [ 412.43893019692212, 0., 305.02531589367283, 0.,
       411.05898624619016, 236.89124991853606, 0., 0., 1. ]
D: !!opencv-matrix
   rows: 4
   cols: 1
   dt: d
   data: [ -0.29554608672603011, 0.38649780070398432,
       -0.5338676924032314, 0.23924876259733591 ]
