%YAML:1.0
---
K: !!opencv-matrix
   rows: 3
   cols: 3
   dt: d
   data: [ 401.86310132258524, 0., 327.15230130213166, 0.,
       402.03305360375816, 253.63931337171081, 0., 0., 1. ]
D: !!opencv-matrix
   rows: 4
   cols: 1
   dt: d
   data: [ -0.26579619561284845, 0.37411079313829421,
       -0.49573496303156905, 0.20058732205019481 ]
