%YAML:1.0
---
K: !!opencv-matrix
   rows: 3
   cols: 3
   dt: d
   data: [ 404.76171727431057, 0., 301.45490308385467, 0.,
       404.97692060741019, 238.91478666278067, 0., 0., 1. ]
D: !!opencv-matrix
   rows: 4
   cols: 1
   dt: d
   data: [ -0.32298898673164428, 0.7597951797085194, -1.2450871288665029,
       0.65660073445169287 ]
